0.31415  2.0001
0.261792  2.00004
0.224393  2.00002
0.196344  2.00001
0.174528  2
0.157075  2
0.142795  2
0.130896  2
0.120827  2
0.112196  2
0.104717  2
0.0981719  2
0.0923971  2
0.0872639  2
0.0826711  2
0.0785375  2
0.0747976  2
0.0713977  2
0.0682935  2
0.0654479  2
0.06283  2
0.0604135  2
0.0581759  2
0.0560982  2
0.0541638  2
0.0523583  2
0.0506694  2
0.0490859  2
0.0475985  2
0.0461985  2
0.0448786  2
0.0436319  2
0.0424527  2
0.0413355  2
0.0402756  2
0.0392688  2
0.038311  2
0.0373988  2
0.0365291  2
0.0356989  2
0.0349056  2
0.0341467  2
0.0334202  2
0.032724  2
0.0320561  2
0.031415  2
0.030799  2
0.0302067  2
0.0296368  2
0.029088  2
0.0285591  2
0.0280491  2
0.027557  2
0.0270819  2
0.0266229  2
0.0261792  2
0.02575  2
0.0253347  2
0.0249325  2
0.024543  2
0.0241654  2
0.0237992  2
0.023444  2
0.0230993  2
0.0227645  2
0.0224393  2
0.0221232  2
0.021816  2
0.0215171  2
0.0212264  2
0.0209433  2
0.0206678  2
0.0203994  2
0.0201378  2
0.0198829  2
0.0196344  2
0.019392  2
0.0191555  2
0.0189247  2
0.0186994  2
0.0184794  2
0.0182645  2
0.0180546  2
0.0178494  2
0.0176489  2
0.0174528  2
0.017261  2
0.0170734  2
0.0168898  2
0.0167101  2
0.0165342  2
0.016362  2
0.0161933  2
0.0160281  2
0.0158662  2
0.0157075  2
0.015552  2
0.0153995  2
0.01525  2
0.0151034  2
0.0149595  2
0.0148184  2
0.0146799  2
0.014544  2
0.0144106  2
0.0142795  2
0.0141509  2
0.0140246  2
0.0139004  2
0.0137785  2
0.0136587  2
0.0135409  2
0.0134252  2
0.0133114  2
0.0131996  2
0.0130896  2
0.0129814  2
0.012875  2
0.0127703  2
0.0126673  2
0.012566  2
0.0124663  2
0.0123681  2
0.0122715  2
0.0121764  2
0.0120827  2
0.0119905  2
0.0118996  2
0.0118102  2
0.011722  2
0.0116352  2
0.0115496  2
0.0114653  2
0.0113822  2
0.0113004  2
0.0112196  2
0.0111401  2
0.0110616  2
0.0109843  2
0.010908  2
0.0108328  2
0.0107586  2
0.0106854  2
0.0106132  2
0.0105419  2
0.0104717  2
0.0104023  2
0.0103339  2
0.0102663  2
0.0101997  2
0.0101339  2
0.0100689  2
0.0100048  2
0.00994146  2
0.00987893  2
0.00981719  2
0.00975621  2
0.00969599  2
0.0096365  2
0.00957774  2
0.0095197  2
0.00946235  2
0.00940569  2
0.0093497  2
0.00929438  2
0.00923971  2
0.00918567  2
0.00913227  2
0.00907948  2
0.0090273  2
0.00897571  2
0.00892472  2
0.00887429  2
0.00882444  2
0.00877514  2
0.00872639  2
0.00867818  2
0.00863049  2
0.00858333  2
0.00853668  2
0.00849054  2
0.00844489  2
0.00839973  2
0.00835505  2
0.00831085  2
0.00826711  2
0.00822382  2
0.00818099  2
0.0081386  2
0.00809665  2
0.00805513  2
0.00801403  2
0.00797335  2
0.00793308  2
0.00789322  2
0.00785375  2
0.00781468  2
0.00777599  2
0.00773768  2
0.00769975  2
0.0076622  2
0.007625  2
0.00758816  2
0.00755168  2
0.00751555  2
0.00747976  2
0.00744431  2
0.0074092  2
0.00737441  2
0.00733995  2
0.00730581  2
0.00727199  2
0.00723848  2
0.00720528  2
0.00717237  2
0.00713977  2
0.00710747  2
0.00707545  2
0.00704372  2
0.00701228  2
0.00698111  2
0.00695022  2
0.0069196  2
0.00688925  2
0.00685917  2
0.00682935  2
0.00679978  2
0.00677047  2
0.00674142  2
0.00671261  2
0.00668404  2
0.00665572  2
0.00662764  2
0.00659979  2
0.00657218  2
0.00654479  2
0.00651763  2
0.0064907  2
0.00646399  2
0.0064375  2
0.00641122  2
0.00638516  2
0.00635931  2
0.00633367  2
0.00630823  2
0.006283  2
0.00625797  2
0.00623313  2
0.0062085  2
0.00618406  2
0.0061598  2
0.00613574  2
0.00611187  2
0.00608818  2
0.00606467  2
0.00604135  2
0.0060182  2
0.00599523  2
0.00597243  2
0.00594981  2
0.00592736  2
0.00590508  2
0.00588296  2
0.00586101  2
0.00583922  2
0.00581759  2
0.00579613  2
0.00577482  2
0.00575366  2
0.00573266  2
0.00571182  2
0.00569112  2
0.00567058  2
0.00565018  2
0.00562993  2
0.00560982  2
0.00558986  2
0.00557004  2
0.00555035  2
0.00553081  2
0.0055114  2
0.00549213  2
0.005473  2
0.00545399  2
0.00543512  2
0.00541638  2
0.00539777  2
0.00537928  2
0.00536092  2
0.00534269  2
0.00532458  2
0.00530659  2
0.00528872  2
0.00527097  2
0.00525334  2
0.00523583  2
0.00521844  2
0.00520116  2
0.00518399  2
0.00516694  2
0.00515  2
0.00513317  2
0.00511645  2
0.00509984  2
0.00508333  2
0.00506694  2
0.00505064  2
0.00503446  2
0.00501837  2
0.00500239  2
0.00498651  2
0.00497073  2
0.00495505  2
0.00493947  2
0.00492398  2
0.00490859  2
0.0048933  2
0.00487811  2
0.004863  2
0.00484799  2
0.00483308  2
0.00481825  2
0.00480352  2
0.00478887  2
0.00477432  2
0.00475985  2
0.00474547  2
0.00473117  2
0.00471697  2
0.00470284  2
0.00468881  2
0.00467485  2
0.00466098  2
0.00464719  2
0.00463348  2
0.00461985  2
0.0046063  2
0.00459284  2
0.00457945  2
0.00456613  2
0.0045529  2
0.00453974  2
0.00452666  2
0.00451365  2
0.00450072  2
0.00448786  2
0.00447507  2
0.00446236  2
0.00444972  2
0.00443715  2
0.00442465  2
0.00441222  2
0.00439986  2
0.00438757  2
0.00437535  2
0.00436319  2
0.00435111  2
0.00433909  2
0.00432713  2
0.00431525  2
0.00430342  2
0.00429167  2
0.00427997  2
0.00426834  2
0.00425678  2
0.00424527  2
0.00423383  2
0.00422245  2
0.00421113  2
0.00419987  2
0.00418867  2
0.00417753  2
0.00416645  2
0.00415542  2
0.00414446  2
0.00413355  2
0.0041227  2
0.00411191  2
0.00410117  2
0.00409049  2
0.00407987  2
0.0040693  2
0.00405879  2
0.00404832  2
0.00403792  2
0.00402756  2
0.00401726  2
0.00400702  2
0.00399682  2
0.00398668  2
0.00397658  2
0.00396654  2
0.00395655  2
0.00394661  2
0.00393672  2
0.00392687  2
0.00391708  2
0.00390734  2
0.00389764  2
0.003888  2
0.0038784  2
0.00386884  2
0.00385934  2
0.00384988  2
0.00384046  2
0.0038311  2
0.00382178  2
0.0038125  2
0.00380327  2
0.00379408  2
0.00378494  2
0.00377584  2
0.00376679  2
0.00375778  2
0.00374881  2
0.00373988  2
0.003731  2
0.00372216  2
0.00371336  2
0.0037046  2
0.00369588  2
0.00368721  2
0.00367857  2
0.00366998  2
0.00366142  2
0.00365291  2
0.00364443  2
0.003636  2
0.0036276  2
0.00361924  2
0.00361092  2
0.00360264  2
0.00359439  2
0.00358619  2
0.00357802  2
0.00356989  2
0.00356179  2
0.00355373  2
0.00354571  2
0.00353773  2
0.00352978  2
0.00352186  2
0.00351398  2
0.00350614  2
0.00349833  2
0.00349056  2
0.00348282  2
0.00347511  2
0.00346744  2
0.0034598  2
0.0034522  2
0.00344463  2
0.00343709  2
0.00342959  2
0.00342211  2
0.00341467  2
0.00340727  2
0.00339989  2
0.00339255  2
0.00338524  2
0.00337796  2
0.00337071  2
0.00336349  2
0.0033563  2
0.00334915  2
0.00334202  2
0.00333493  2
0.00332786  2
0.00332082  2
0.00331382  2
0.00330684  2
0.00329989  2
0.00329298  2
0.00328609  2
0.00327923  2
0.0032724  2
0.00326559  2
0.00325882  2
0.00325207  2
0.00324535  2
0.00323866  2
0.003232  2
0.00322536  2
0.00321875  2
0.00321217  2
0.00320561  2
0.00319908  2
0.00319258  2
0.00318611  2
0.00317966  2
0.00317323  2
0.00316683  2
0.00316046  2
0.00315412  2
0.0031478  2
