1000  -0.260109
2000  -0.504536
3000  -0.743281
4000  -0.976344
5000  -1.20373
6000  -1.42542
7000  -1.62144
8000  -1.82178
9000  -2.00643
10000  -2.2054
11000  -2.36869
12000  -2.5263
13000  -2.68822
14000  -2.82447
15000  -2.96503
16000  -3.08991
17000  -3.2191
18000  -3.33262
19000  -3.42045
20000  -3.5226
21000  -3.58907
22000  -3.67986
23000  -3.73496
24000  -3.80439
25000  -3.84813
26000  -3.88619
27000  -3.91857
28000  -3.94526
29000  -3.96627
30000  -3.98161
31000  -3.97126
32000  -3.96522
33000  -3.95351
34000  -3.93611
35000  -3.89303
36000  -3.83427
37000  -3.77983
38000  -3.71971
39000  -3.6439
40000  -3.56241
41000  -3.46524
42000  -3.35239
43000  -3.22385
44000  -3.11964
45000  -3.00974
46000  -2.86416
47000  -2.7129
48000  -2.59595
49000  -2.42333
50000  -2.24502
51000  -2.09103
52000  -1.91136
53000  -1.706
54000  -1.50496
55000  -1.28825
56000  -1.06585
57000  -0.717764
58000  -0.604
59000  -0.354554
60000  -0.0794254
61000  0.171385
62000  0.497877
63000  0.750051
64000  1.02791
65000  1.34145
66000  2.69067
67000  12.3356
68000  10.1462
69000  2.63242
70000  2.91437
71000  3.242
72000  3.61531
73000  4.9843
74000  14.609
75000  4.82934
76000  5.24538
77000  5.6471
78000  5.9845
79000  6.51759
80000  6.90635
81000  7.3408
82000  7.84094
83000  8.29675
84000  8.67825
85000  9.08542
86000  9.57828
87000  10.0668
88000  10.871
89000  11.071
90000  11.5665
91000  12.0678
92000  12.6248
93000  13.3374
94000  13.8057
95000  14.3497
96000  14.9394
97000  15.5648
98000  16.0758
99000  16.6425
