0  0
1000  0
2000  0
3000  0
4000  0
5000  0
6000  0
7000  0.01
8000  0
9000  0.01
10000  0
11000  0
12000  0
13000  0
14000  0
15000  0.01
16000  0.01
17000  0
18000  0
19000  0
20000  0.01
21000  0
22000  0.01
23000  0
24000  0.01
25000  0.01
26000  0.02
27000  0.01
28000  0
29000  0.01
30000  0.01
31000  0.01
32000  0.01
33000  0.01
34000  0
35000  0.01
36000  0.01
37000  0.01
38000  0.01
39000  0.01
40000  0.01
41000  0.01
42000  0.01
43000  0.01
44000  0.01
45000  0.01
46000  0.01
47000  0.01
48000  0.01
49000  0.02
50000  0.01
51000  0
52000  0.01
53000  0.02
54000  0.01
55000  0.01
56000  0.01
57000  0.02
58000  0.01
59000  0.02
60000  0.01
61000  0.02
62000  0.02
63000  0.02
64000  0.01
65000  0.01
66000  0.02
67000  0.02
68000  0.02
69000  0.02
70000  0.02
71000  0.02
72000  0.02
73000  0.02
74000  0.02
75000  0.02
76000  0.02
77000  0.02
78000  0.02
79000  0.06
80000  0.05
81000  0.05
82000  0.06
83000  0.05
84000  0.05
85000  0.08
86000  0.09
87000  0.05
88000  0.05
89000  0.04
90000  0.04
91000  0.04
92000  0.08
93000  0.08
94000  0.08
95000  0.06
96000  0.12
97000  0.08
98000  0.06
99000  0.05
100000  0.07
101000  0.05
102000  0.04
103000  0.08
104000  0.07
105000  0.09
106000  0.08
107000  0.06
108000  0.05
109000  0.11
110000  0.11
111000  0.07
112000  0.08
113000  0.05
114000  0.05
115000  0.05
116000  0.04
117000  0.04
118000  0.04
119000  0.04
120000  0.04
121000  0.04
122000  0.04
123000  0.04
124000  0.03
125000  0.03
126000  0.04
127000  0.03
128000  0.03
129000  0.04
130000  0.03
131000  0.04
132000  0.04
133000  0.04
134000  0.04
135000  0.04
136000  0.04
137000  0.04
138000  0.05
139000  0.04
140000  0.05
141000  0.05
142000  0.05
143000  0.04
144000  0.04
145000  0.05
146000  0.04
147000  0.05
148000  0.05
149000  0.04
150000  0.04
151000  0.05
152000  0.05
153000  0.05
154000  0.04
155000  0.06
156000  0.05
157000  0.05
158000  0.05
159000  0.05
160000  0.05
161000  0.05
162000  0.06
163000  0.05
164000  0.05
165000  0.05
166000  0.06
167000  0.05
168000  0.05
169000  0.06
170000  0.05
171000  0.06
172000  0.05
173000  0.05
174000  0.06
175000  0.06
176000  0.06
177000  0.05
178000  0.06
179000  0.06
180000  0.06
181000  0.06
182000  0.06
183000  0.07
184000  0.06
185000  0.06
186000  0.07
187000  0.06
188000  0.06
189000  0.07
190000  0.06
191000  0.06
192000  0.06
193000  0.06
194000  0.06
195000  0.07
196000  0.07
197000  0.07
198000  0.07
199000  0.07
200000  0.06
201000  0.07
202000  0.07
203000  0.08
204000  0.07
205000  0.08
206000  0.07
207000  0.08
208000  0.07
209000  0.07
210000  0.08
211000  0.07
212000  0.07
213000  0.07
214000  0.07
215000  0.07
216000  0.08
217000  0.07
218000  0.07
219000  0.07
220000  0.07
221000  0.08
222000  0.08
223000  0.09
224000  0.08
225000  0.08
226000  0.08
227000  0.08
228000  1.06
229000  0.08
230000  0.09
231000  0.08
232000  0.09
233000  0.09
234000  0.08
235000  0.09
236000  0.09
237000  0.08
238000  0.09
239000  0.11
240000  0.09
241000  0.09
242000  0.09
243000  0.09
244000  0.09
245000  0.09
246000  0.09
247000  0.1
248000  0.1
249000  0.09
250000  0.1
251000  0.09
252000  0.09
253000  0.09
254000  0.1
255000  0.1
256000  0.1
257000  0.09
258000  0.09
259000  0.1
260000  0.1
261000  0.1
262000  0.1
263000  0.1
264000  0.1
265000  0.1
266000  0.1
267000  0.1
268000  0.1
269000  0.1
270000  0.11
271000  0.11
272000  0.11
273000  0.11
274000  0.11
275000  0.11
276000  0.11
277000  0.11
278000  0.11
279000  0.11
280000  0.11
281000  0.12
282000  0.11
283000  0.11
284000  0.12
285000  0.11
286000  0.12
287000  0.11
288000  0.11
289000  0.11
290000  0.12
291000  0.11
292000  0.11
293000  0.11
294000  0.12
295000  0.12
296000  0.12
297000  0.12
298000  0.12
299000  0.13
300000  0.12
301000  0.13
302000  0.13
303000  0.12
304000  0.12
305000  0.13
306000  0.12
307000  0.13
308000  0.12
309000  0.12
310000  0.13
311000  0.12
312000  0.13
313000  0.13
314000  0.14
315000  0.13
316000  0.13
317000  0.13
318000  0.14
319000  0.13
320000  0.14
321000  0.14
322000  0.14
323000  0.14
324000  0.14
325000  0.13
326000  0.13
327000  0.13
328000  0.14
329000  0.14
330000  0.15
331000  0.14
332000  0.15
333000  0.14
334000  0.15
335000  0.14
336000  0.15
337000  0.14
338000  0.15
339000  0.15
340000  0.15
341000  0.18
342000  0.15
343000  0.16
344000  0.15
345000  0.15
346000  0.15
347000  0.15
348000  0.16
349000  0.15
350000  0.15
351000  0.15
352000  0.16
353000  0.15
354000  0.16
355000  0.17
356000  0.16
357000  0.16
358000  0.17
359000  0.16
360000  0.17
361000  0.16
362000  0.16
363000  0.16
364000  0.16
365000  0.16
366000  0.16
367000  0.16
368000  0.17
369000  0.17
370000  0.16
371000  0.17
372000  0.17
373000  0.17
374000  0.17
375000  0.17
376000  0.17
377000  0.18
378000  0.17
379000  0.17
380000  0.18
381000  0.18
382000  0.18
383000  0.16
384000  0.18
385000  0.19
386000  0.18
387000  0.18
388000  0.19
389000  0.18
390000  0.18
391000  0.18
392000  0.18
393000  0.19
394000  0.18
395000  0.19
396000  0.18
397000  0.19
398000  0.2
399000  0.18
400000  0.19
401000  0.19
402000  0.19
403000  0.19
404000  0.18
405000  0.2
406000  0.2
407000  0.19
408000  0.2
409000  0.19
410000  0.2
411000  0.2
412000  0.2
413000  0.19
414000  0.2
415000  0.21
416000  0.2
417000  0.2
418000  0.2
419000  0.2
420000  0.2
421000  0.2
422000  0.22
423000  0.21
424000  0.23
425000  0.21
426000  0.23
427000  0.21
428000  0.2
429000  0.21
430000  0.21
431000  0.21
432000  0.2
433000  0.21
434000  0.21
435000  0.21
436000  0.21
437000  0.22
438000  0.21
439000  0.22
440000  0.23
441000  0.22
442000  0.21
443000  0.22
444000  0.22
445000  0.22
446000  0.22
447000  0.23
448000  0.22
449000  0.23
450000  0.22
451000  0.23
452000  0.23
453000  0.23
454000  0.22
455000  0.23
456000  0.23
457000  0.23
458000  0.23
459000  0.23
460000  0.23
461000  0.24
462000  0.25
463000  0.24
464000  0.23
465000  0.23
466000  0.25
467000  0.24
468000  0.23
469000  0.24
470000  0.24
471000  0.24
472000  0.24
473000  0.25
474000  0.25
475000  0.24
476000  0.26
477000  0.25
478000  0.24
479000  0.25
480000  0.24
481000  0.27
482000  0.25
483000  0.25
484000  0.26
485000  0.25
486000  0.26
487000  0.26
488000  0.26
489000  0.26
490000  0.25
491000  0.27
492000  0.26
493000  0.26
494000  0.26
495000  0.26
496000  0.26
497000  0.27
498000  0.26
499000  0.27
500000  0.27
501000  0.28
502000  0.34
503000  0.3
504000  0.27
505000  0.27
506000  0.28
507000  0.26
508000  0.28
